=== RAPORT STATYSTYCZNY ===

STATYSTYKI OPISOWE
-------------------
                                count        mean        std   min      25%     50%      75%     max
Wiek                            334.0   68.281437  11.806694   0.0   61.000   69.00   77.000   94.00
HF                              326.0    0.208589   0.406924   0.0    0.000    0.00    0.000    1.00
HA                              325.0    0.932308   0.251605   0.0    1.000    1.00    1.000    1.00
IDDM                            328.0    0.039634   0.195396   0.0    0.000    0.00    0.000    1.00
NIDDM                           330.0    0.300000   0.458953   0.0    0.000    0.00    1.000    1.00
Hiperlipidemia                  320.0    0.868750   0.338202   0.0    1.000    1.00    1.000    1.00
Nikotynizm                      296.0    0.341216   0.474921   0.0    0.000    0.00    1.000    1.00
Po_MI                           328.0    0.347561   0.476923   0.0    0.000    0.00    1.000    1.00
Po_PCI                          330.0    0.312121   0.464063   0.0    0.000    0.00    1.000    1.00
Po_CABG                         330.0    0.115152   0.319689   0.0    0.000    0.00    0.000    1.00
POCHP                           331.0    0.072508   0.259719   0.0    0.000    0.00    0.000    1.00
PAD                             328.0    0.118902   0.324168   0.0    0.000    0.00    0.000    1.00
AF                              329.0    0.164134   0.370961   0.0    0.000    0.00    0.000    1.00
PChN (GFR<60)                   329.0    0.097264   0.296769   0.0    0.000    0.00    0.000    1.00
Żylaki                          326.0    0.180982   0.385595   0.0    0.000    0.00    0.000    1.00
Choroba_Kawasaki                326.0    0.000000   0.000000   0.0    0.000    0.00    0.000    0.00
Choroba_Takayasu                326.0    0.000000   0.000000   0.0    0.000    0.00    0.000    0.00
Inne_układowe_zapalenie_naczyń  327.0    0.000000   0.000000   0.0    0.000    0.00    0.000    0.00
ASA                             235.0    0.936170   0.244971   0.0    1.000    1.00    1.000    1.00
B-bloker                        247.0    0.927126   0.260458   0.0    1.000    1.00    1.000    1.00
Statyna                         256.0    0.949219   0.219981   0.0    1.000    1.00    1.000    1.00
ACEI/ARB                        243.0    0.950617   0.217113   0.0    1.000    1.00    1.000    1.00
HGB                             329.0   14.188450   7.337150   0.0   12.900   14.00   15.000  143.00
PLT                             329.0  218.755623  65.880863  13.6  176.000  213.00  251.000  507.00
WBC                             329.0    8.879027   8.216001   0.0    6.320    7.76    9.890  146.54
Kreatynina                      326.0   93.691104  30.467253  48.3   76.000   88.00  102.750  311.00
Dg.1                            221.0    0.076923   0.267074   0.0    0.000    0.00    0.000    1.00
N_tętnic_z_tętniakami           342.0    1.116959   0.409998   1.0    1.000    1.00    1.000    3.00
N_tętniaków                     342.0    1.181287   0.538163   1.0    1.000    1.00    1.000    4.00
Slow-flow.7                     342.0    0.421053   0.494451   0.0    0.000    0.00    1.000    1.00
Max_wymiar_poprzeczny_tętniaka  342.0    5.832749   1.593106   2.5    4.800    5.60    6.600   14.20
Max_wymiar_podłużny_tętniaka    342.0   16.084211  23.588525   2.5    5.925    8.75   15.175  184.00
Skrzeplina                      339.0    0.286136   0.452622   0.0    0.000    0.00    1.000    1.00

KORELACJE PEARSONA
-------------------
                                    Wiek        HF        HA      IDDM     NIDDM  Hiperlipidemia   Nikotynizm     Po_MI    Po_PCI   Po_CABG     POCHP       PAD        AF  PChN (GFR<60)    Żylaki  Choroba_Kawasaki  Choroba_Takayasu  Inne_układowe_zapalenie_naczyń       ASA  B-bloker   Statyna  ACEI/ARB       HGB       PLT       WBC  Kreatynina      Dg.1  N_tętnic_z_tętniakami  N_tętniaków  Slow-flow.7  Max_wymiar_poprzeczny_tętniaka  Max_wymiar_podłużny_tętniaka  Skrzeplina
Wiek                            1.000000  0.230579  0.044238  0.010448 -0.022544        -0.150547   -0.207299 -0.002182 -0.108831  0.091573  0.113810  0.137363  0.286623       0.233275  0.198519               NaN               NaN                             NaN -0.114814  0.036249 -0.102321  0.007250 -0.100213 -0.120101 -0.001888    0.174243 -0.119413              -0.028386    -0.034819    -0.010256                       -0.071098                     -0.040733   -0.087819
HF                              0.230579  1.000000 -0.010677  0.128338  0.083161        -0.186877   -0.019343  0.022675  0.046872  0.006155  0.064533  0.088321  0.337307       0.192682 -0.038570               NaN               NaN                             NaN -0.145683  0.101687 -0.067559 -0.085717  0.089813  0.059630 -0.020717    0.235819 -0.035929              -0.002451     0.059006    -0.008821                        0.126198                      0.034406   -0.053346
HA                              0.044238 -0.010677  1.000000 -0.069367  0.098232         0.139242   -0.051411  0.036094  0.017062 -0.020633  0.074462  0.059828 -0.020806       0.003656  0.065924               NaN               NaN                             NaN  0.144954  0.057848  0.160589  0.261105  0.022989 -0.046145 -0.037969    0.078031  0.018609              -0.037770    -0.040182     0.008463                        0.036449                      0.036919    0.011435
IDDM                            0.010448  0.128338 -0.069367  1.000000 -0.132607        -0.068751    0.017051  0.050830 -0.002282 -0.025175  0.005070  0.021034  0.035435       0.097462 -0.008424               NaN               NaN                             NaN  0.061404  0.059461  0.051934  0.052402  0.002097  0.032381  0.000680    0.123244 -0.000994               0.054822     0.016677    -0.016101                       -0.040151                     -0.031675    0.005507
NIDDM                          -0.022544  0.083161  0.098232 -0.132607  1.000000         0.091392   -0.020905  0.045686  0.065342  0.057656  0.057508 -0.033168  0.017700      -0.044715  0.040799               NaN               NaN                             NaN  0.021687 -0.105925 -0.043316 -0.019447  0.066795  0.029513  0.083833   -0.010436  0.047373               0.020796     0.020658    -0.049553                       -0.085350                     -0.037931   -0.147096
Hiperlipidemia                 -0.150547 -0.186877  0.139242 -0.068751  0.091392         1.000000   -0.125955  0.121220  0.121868  0.112586 -0.106218 -0.023139 -0.158099      -0.096167 -0.043636               NaN               NaN                             NaN  0.223108  0.065920  0.201401  0.033320  0.041533 -0.090845 -0.045188   -0.088192  0.074324               0.110844     0.098880    -0.024010                        0.020761                      0.015505   -0.011905
Nikotynizm                     -0.207299 -0.019343 -0.051411  0.017051 -0.020905        -0.125955    1.000000 -0.120374 -0.055687 -0.060029  0.136566 -0.017271 -0.043076      -0.083785  0.024551               NaN               NaN                             NaN  0.010434  0.086796 -0.059187  0.014376 -0.010685  0.068892  0.129760   -0.058232  0.098527              -0.027527    -0.062732    -0.014019                       -0.065053                     -0.079415    0.102280
Po_MI                          -0.002182  0.022675  0.036094  0.050830  0.045686         0.121220   -0.120374  1.000000  0.426862  0.247949  0.065360  0.068394  0.004893       0.027568  0.000106               NaN               NaN                             NaN  0.122090  0.116350  0.142603  0.051055 -0.047047 -0.078141  0.000602    0.035006  0.177987              -0.013845     0.005278     0.060752                        0.051151                      0.075597    0.013768
Po_PCI                         -0.108831  0.046872  0.017062 -0.002282  0.065342         0.121868   -0.055687  0.426862  1.000000  0.084808 -0.030275  0.035578  0.054753       0.050865 -0.087243               NaN               NaN                             NaN  0.148047  0.171332  0.091579  0.035342  0.073690 -0.024755 -0.089958   -0.080144  0.062482              -0.097656    -0.048545    -0.071323                        0.093740                      0.004133   -0.028192
Po_CABG                         0.091573  0.006155 -0.020633 -0.025175  0.057656         0.112586   -0.060029  0.247949  0.084808  1.000000  0.087669  0.014177  0.045261      -0.019260  0.005463               NaN               NaN                             NaN  0.034034  0.098657  0.079759  0.012105 -0.024113 -0.176911 -0.080188    0.022513  0.055484              -0.011274    -0.035313     0.076791                        0.100208                      0.028265    0.066513
POCHP                           0.113810  0.064533  0.074462  0.005070  0.057508        -0.106218    0.136566  0.065360 -0.030275  0.087669  1.000000  0.120447  0.071602       0.065701 -0.034614               NaN               NaN                             NaN  0.075550  0.015011 -0.005732  0.060776 -0.019784 -0.075546 -0.020392    0.141485 -0.085427               0.114927     0.074886     0.043601                       -0.061780                     -0.026002   -0.077820
PAD                             0.137363  0.088321  0.059828  0.021034 -0.033168        -0.023139   -0.017271  0.068394  0.035578  0.014177  0.120447  1.000000  0.065046      -0.022832 -0.045652               NaN               NaN                             NaN -0.007048  0.056063  0.088561 -0.104570 -0.036423  0.048663 -0.005908    0.047863  0.015264              -0.037201    -0.038894     0.030365                       -0.023405                     -0.052799    0.012491
AF                              0.286623  0.337307 -0.020806  0.035435  0.017700        -0.158099   -0.043076  0.004893  0.054753  0.045261  0.071602  0.065046  1.000000       0.024762  0.151881               NaN               NaN                             NaN -0.297947 -0.037951 -0.088987 -0.105792 -0.044944  0.006071 -0.039405    0.085066 -0.042265               0.011870    -0.000183     0.039071                        0.155464                     -0.016928   -0.065794
PChN (GFR<60)                   0.233275  0.192682  0.003656  0.097462 -0.044715        -0.096167   -0.083785  0.027568  0.050865 -0.019260  0.065701 -0.022832  0.024762       1.000000  0.039253               NaN               NaN                             NaN  0.028567 -0.059754 -0.035524  0.071041 -0.070009 -0.026010 -0.019618    0.539442 -0.088125               0.002693     0.074487     0.030739                       -0.041439                     -0.094338   -0.089270
Żylaki                          0.198519 -0.038570  0.065924 -0.008424  0.040799        -0.043636    0.024551  0.000106 -0.087243  0.005463 -0.034614 -0.045652  0.151881       0.039253  1.000000               NaN               NaN                             NaN -0.071511  0.052612 -0.013608  0.112086 -0.034243 -0.000422 -0.063723   -0.049716 -0.073520              -0.020283     0.013982     0.003317                       -0.088167                     -0.119030   -0.070033
Choroba_Kawasaki                     NaN       NaN       NaN       NaN       NaN              NaN         NaN       NaN       NaN       NaN       NaN       NaN       NaN            NaN       NaN               NaN               NaN                             NaN       NaN       NaN       NaN       NaN       NaN       NaN       NaN         NaN       NaN                    NaN          NaN          NaN                             NaN                           NaN         NaN
Choroba_Takayasu                     NaN       NaN       NaN       NaN       NaN              NaN         NaN       NaN       NaN       NaN       NaN       NaN       NaN            NaN       NaN               NaN               NaN                             NaN       NaN       NaN       NaN       NaN       NaN       NaN       NaN         NaN       NaN                    NaN          NaN          NaN                             NaN                           NaN         NaN
Inne_układowe_zapalenie_naczyń       NaN       NaN       NaN       NaN       NaN              NaN         NaN       NaN       NaN       NaN       NaN       NaN       NaN            NaN       NaN               NaN               NaN                             NaN       NaN       NaN       NaN       NaN       NaN       NaN       NaN         NaN       NaN                    NaN          NaN          NaN                             NaN                           NaN         NaN
ASA                            -0.114814 -0.145683  0.144954  0.061404  0.021687         0.223108    0.010434  0.122090  0.148047  0.034034  0.075550 -0.007048 -0.297947       0.028567 -0.071511               NaN               NaN                             NaN  1.000000  0.116958  0.409685  0.253106  0.031633 -0.010940  0.002208   -0.005373  0.095803              -0.096181    -0.095944    -0.129769                       -0.030300                     -0.182269   -0.067960
B-bloker                        0.036249  0.101687  0.057848  0.059461 -0.105925         0.065920    0.086796  0.116350  0.171332  0.098657  0.015011  0.056063 -0.037951      -0.059754  0.052612               NaN               NaN                             NaN  0.116958  1.000000  0.148955  0.222354  0.034076  0.114125 -0.000555   -0.010463  0.078146               0.036527     0.024278    -0.042477                       -0.000138                     -0.044704    0.036442
Statyna                        -0.102321 -0.067559  0.160589  0.051934 -0.043316         0.201401   -0.059187  0.142603  0.091579  0.079759 -0.005732  0.088561 -0.088987      -0.035524 -0.013608               NaN               NaN                             NaN  0.409685  0.148955  1.000000  0.210929  0.013658  0.008158 -0.070703    0.020589  0.087809              -0.015740    -0.019721    -0.132681                       -0.013721                      0.055546   -0.104226
ACEI/ARB                        0.007250 -0.085717  0.261105  0.052402 -0.019447         0.033320    0.014376  0.051055  0.035342  0.012105  0.060776 -0.104570 -0.105792       0.071041  0.112086               NaN               NaN                             NaN  0.253106  0.222354  0.210929  1.000000  0.001916  0.008908  0.012813   -0.000058  0.064631               0.065905     0.036848    -0.006214                       -0.021269                      0.042112    0.049358
HGB                            -0.100213  0.089813  0.022989  0.002097  0.066795         0.041533   -0.010685 -0.047047  0.073690 -0.024113 -0.019784 -0.036423 -0.044944      -0.070009 -0.034243               NaN               NaN                             NaN  0.031633  0.034076  0.013658  0.001916  1.000000  0.098955  0.004748   -0.080253  0.017233              -0.009994    -0.014082    -0.045786                        0.020090                      0.014990   -0.019028
PLT                            -0.120101  0.059630 -0.046145  0.032381  0.029513        -0.090845    0.068892 -0.078141 -0.024755 -0.176911 -0.075546  0.048663  0.006071      -0.026010 -0.000422               NaN               NaN                             NaN -0.010940  0.114125  0.008158  0.008908  0.098955  1.000000  0.101543   -0.073743 -0.003784              -0.010669    -0.003654    -0.117798                       -0.078751                     -0.039029   -0.063403
WBC                            -0.001888 -0.020717 -0.037969  0.000680  0.083833        -0.045188    0.129760  0.000602 -0.089958 -0.080188 -0.020392 -0.005908 -0.039405      -0.019618 -0.063723               NaN               NaN                             NaN  0.002208 -0.000555 -0.070703  0.012813  0.004748  0.101543  1.000000    0.061382 -0.003504               0.204685     0.156755     0.065035                       -0.026846                      0.000110    0.084394
Kreatynina                      0.174243  0.235819  0.078031  0.123244 -0.010436        -0.088192   -0.058232  0.035006 -0.080144  0.022513  0.141485  0.047863  0.085066       0.539442 -0.049716               NaN               NaN                             NaN -0.005373 -0.010463  0.020589 -0.000058 -0.080253 -0.073743  0.061382    1.000000  0.043555               0.042253     0.114054     0.053265                        0.047442                     -0.066460   -0.063256
Dg.1                           -0.119413 -0.035929  0.018609 -0.000994  0.047373         0.074324    0.098527  0.177987  0.062482  0.055484 -0.085427  0.015264 -0.042265      -0.088125 -0.073520               NaN               NaN                             NaN  0.095803  0.078146  0.087809  0.064631  0.017233 -0.003784 -0.003504    0.043555  1.000000               0.006721    -0.037672     0.005327                       -0.008994                      0.043756    0.016723
N_tętnic_z_tętniakami          -0.028386 -0.002451 -0.037770  0.054822  0.020796         0.110844   -0.027527 -0.013845 -0.097656 -0.011274  0.114927 -0.037201  0.011870       0.002693 -0.020283               NaN               NaN                             NaN -0.096181  0.036527 -0.015740  0.065905 -0.009994 -0.010669  0.204685    0.042253  0.006721               1.000000     0.847266     0.248201                        0.144973                      0.050254    0.056441
N_tętniaków                    -0.034819  0.059006 -0.040182  0.016677  0.020658         0.098880   -0.062732  0.005278 -0.048545 -0.035313  0.074886 -0.038894 -0.000183       0.074487  0.013982               NaN               NaN                             NaN -0.095944  0.024278 -0.019721  0.036848 -0.014082 -0.003654  0.156755    0.114054 -0.037672               0.847266     1.000000     0.241295                        0.150397                      0.024297    0.075732
Slow-flow.7                    -0.010256 -0.008821  0.008463 -0.016101 -0.049553        -0.024010   -0.014019  0.060752 -0.071323  0.076791  0.043601  0.030365  0.039071       0.030739  0.003317               NaN               NaN                             NaN -0.129769 -0.042477 -0.132681 -0.006214 -0.045786 -0.117798  0.065035    0.053265  0.005327               0.248201     0.241295     1.000000                        0.223685                      0.259044    0.410797
Max_wymiar_poprzeczny_tętniaka -0.071098  0.126198  0.036449 -0.040151 -0.085350         0.020761   -0.065053  0.051151  0.093740  0.100208 -0.061780 -0.023405  0.155464      -0.041439 -0.088167               NaN               NaN                             NaN -0.030300 -0.000138 -0.013721 -0.021269  0.020090 -0.078751 -0.026846    0.047442 -0.008994               0.144973     0.150397     0.223685                        1.000000                      0.323432    0.203581
Max_wymiar_podłużny_tętniaka   -0.040733  0.034406  0.036919 -0.031675 -0.037931         0.015505   -0.079415  0.075597  0.004133  0.028265 -0.026002 -0.052799 -0.016928      -0.094338 -0.119030               NaN               NaN                             NaN -0.182269 -0.044704  0.055546  0.042112  0.014990 -0.039029  0.000110   -0.066460  0.043756               0.050254     0.024297     0.259044                        0.323432                      1.000000    0.170064
Skrzeplina                     -0.087819 -0.053346  0.011435  0.005507 -0.147096        -0.011905    0.102280  0.013768 -0.028192  0.066513 -0.077820  0.012491 -0.065794      -0.089270 -0.070033               NaN               NaN                             NaN -0.067960  0.036442 -0.104226  0.049358 -0.019028 -0.063403  0.084394   -0.063256  0.016723               0.056441     0.075732     0.410797                        0.203581                      0.170064    1.000000

RAPORT SYSTEMOWY
-------------------
Wykryto typy zmiennych w zbiorze danych.
Wygenerowano statystyki opisowe dla kolumn liczbowych.
Obliczono macierz korelacji Pearsona.
